//river upper near side
-3.0 0.0 -11.4
-3.0 0.0 -12.4
-3.0 0.0 -13.4
-3.0 0.0 -14.4
-3.0 0.0 -15.4
-3.0 0.0 -16.4
-3.0 0.0 -17.4
-3.0 0.0 -18.4
-3.0 0.0 -19.4
-3.0 0.0 -20.4
-3.0 0.0 -21.4
*******************************************
//river lower near side
-3.0 0.0 0.6
-3.0 0.0 -0.4
-3.0  0.0 -1.4
-3.0 0.0 -2.4
-3.0 0.0 -3.4
-3.0 0.0 -4.4
-3.0 0.0 -5.4
-3.0 0.0 -6.4
-3.0 0.0 -7.4
-3.0 0.0 -8.4
-3.0 0.0 -9.4
*******************************************
//zeleni venac near upper side
3.0  0.0 -0.0
4.0 0.0 -0.0
5.0 0.0 -0.0
6.0 0.0 -0.0
7.0 0.0 -0.0
8.0  0.0 -0.0
*******************************************
//zeleni venac near lower side
-2.07 0.0 0.11
-1.07 0.0 0.11
-0.07 0.0 0.11
0.93 0.0 0.11
1.93 0.0 0.11
*******************************************
//kneza sime markovica far side
6.6 0.0 -11.4
6.6 0.0 -12.4
6.6 0.0 -13.4
6.6 0.0 -14.4
6.6 0.0 -15.4
6.6 0.0 -16.4
6.6 0.0 -17.4
6.6 0.0 -18.4
6.6 0.0 -19.4
6.6 0.0 -20.4
6.6 0.0 -21.4
*******************************************
//pop-lukina far side
9.5 0.0 -2.8
9.5 0.0 -3.8
9.5 0.0 -4.8
9.5 0.0 -5.8
9.5 0.0 -6.8
9.5 0.0 -7.8
9.5 0.0 -8.8
9.5 0.0 -9.8
9.5 0.0 -10.8
9.5 0.0 -11.8
*******************************************