-3.755 0.0 -10.51       0.0 20.0        40.0
0.47 0.0 -22.13         20.0 0.0       40.0
8.59 0.0 -12.475        0.0 0.0        40.0

-3.755 0.0 -10.51       0.0 20.0        35.0
8.59 0.0 -12.475        0.0 0.0        35.0
8.59 0.0 -1.66          20.0 20.0         35.0

-3.755 0.0 -10.51       0.0 20.0       1.0
2.44 0.0 0.57           10.0 0.0         1.0
-3.56 0.0 0.67          0.0 0.0        1.0

-3.755 0.0 -10.51       0.0 20.0       -20.0
8.59 0.0 -1.66          20.0 20.0        -20.0
2.44 0.0 0.57           10.0 0.0         -20.0